/Users/huan/Downloads/re-id/dataset/Market1501/bounding_box_test/0001_c1s1_001051_03.jpg 2.377284 2.344186 4.686540 0.837408 1.630238 0.892930 1.264628 0.781860 0.061746 1.293499 -0.958798 -0.282695 -2.495162 -2.514970 -1.668613 -2.451752 -1.738442 -1.213079 -2.509607 0.363325 -2.838246 -1.608857 -2.692228 -2.701856 -0.415236 -0.464156 -2.779430 2.000000 2.000000 
/Users/huan/Downloads/re-id/dataset/Market1501/bounding_box_test/0001_c1s1_002301_02.jpg 1.589479 1.282744 4.033402 1.377520 1.763775 1.293050 1.139082 1.240635 0.141105 0.962105 -1.457533 -0.308362 -1.728028 -2.631711 -0.989789 -2.619784 -1.907849 -0.656963 -1.728244 0.547087 -1.888838 -2.327390 -2.721936 -2.490540 -0.746590 -0.097920 -2.595484 2.000000 2.000000 
/Users/huan/Downloads/re-id/dataset/Market1501/bounding_box_test/0001_c1s1_002401_02.jpg 1.678818 1.299609 3.763332 1.032928 1.601276 0.962596 1.195529 1.456643 0.146253 1.189375 -1.863498 0.292230 -1.902880 -2.708111 -0.938405 -2.594443 -1.986299 -1.043461 -1.746013 0.089896 -2.011887 -2.298702 -2.371640 -2.390075 -0.142746 -0.331319 -2.779822 2.000000 2.000000 
/Users/huan/Downloads/re-id/dataset/Market1501/bounding_box_test/0001_c1s1_009376_02.jpg 1.963860 1.737550 4.327726 1.566906 1.574702 0.546486 1.438465 1.334213 0.048508 0.950260 -1.361132 0.046734 -1.779059 -2.788766 -1.513727 -2.429904 -1.928025 -1.168753 -1.497608 0.345414 -2.316948 -1.562335 -2.771372 -2.640830 -0.786268 -0.778936 -2.539131 2.000000 2.000000 
/Users/huan/Downloads/re-id/dataset/Market1501/bounding_box_test/0001_c1s2_037091_02.jpg 2.062911 1.308079 4.278269 1.405028 2.423558 0.282413 1.462834 0.227452 0.350711 1.241463 0.234188 -0.293886 -2.611384 -2.071969 -2.130847 -2.418493 -2.324914 -1.827967 -1.854202 -0.830286 -1.647926 -1.734668 -1.641487 -2.504920 -0.370860 -1.198114 -2.450227 1.000000 7.000000 
/Users/huan/Downloads/re-id/dataset/Market1501/bounding_box_test/0001_c1s6_011741_02.jpg 1.963851 1.310431 4.638019 1.274798 2.518577 0.092503 1.316870 0.210538 0.024541 1.826732 0.054339 -0.538802 -2.271876 -2.401943 -1.632523 -2.558652 -2.385331 -1.620919 -2.144780 -0.880294 -1.809415 -1.826573 -1.648021 -2.584839 -0.296220 -1.013195 -2.427534 1.000000 7.000000 
/Users/huan/Downloads/re-id/dataset/Market1501/bounding_box_test/0001_c1s6_023671_07.jpg 1.332326 0.701009 3.226302 1.065513 1.710199 0.497862 1.143325 1.555173 0.242097 0.878941 -1.536527 -0.521528 -1.135647 -2.565665 -1.126089 -2.158630 -1.924104 -0.457279 -1.998646 -0.550512 -1.421054 -1.779555 -2.261425 -2.605953 0.224828 0.141551 -2.267741 8.000000 7.000000 
/Users/huan/Downloads/re-id/dataset/Market1501/bounding_box_test/0001_c1s6_023671_11.jpg 0.804607 0.357695 3.182226 1.245963 1.791199 0.209111 0.961514 1.221447 0.036372 0.859233 -1.150109 -0.474511 -1.487574 -2.364221 -1.072360 -2.063778 -1.863010 -0.724249 -1.640758 -0.154822 -2.044412 -1.710610 -2.605500 -2.694317 0.071127 -0.308220 -2.362909 2.000000 7.000000 
/Users/huan/Downloads/re-id/dataset/Market1501/bounding_box_test/0001_c2s1_001976_01.jpg 2.576221 2.332621 4.044843 0.702546 1.374948 1.534183 1.269668 1.166091 0.196161 1.105802 -1.721234 -0.003603 -1.807826 -2.549641 -1.437381 -2.479105 -1.865517 -0.920419 -2.012022 0.416121 -1.580240 -2.194655 -2.258656 -2.180281 -1.091908 -0.216886 -2.331517 2.000000 2.000000 
/Users/huan/Downloads/re-id/dataset/Market1501/bounding_box_test/0001_c2s1_001976_03.jpg 1.615203 1.424992 3.645660 0.873205 1.607106 1.050598 1.165846 0.993368 0.227614 0.848011 -1.409800 0.108827 -1.717973 -2.290520 -1.373999 -2.353724 -1.730402 -0.817277 -1.795094 0.750454 -1.648362 -1.879317 -2.090677 -2.040457 -0.935881 -0.376321 -2.261171 2.000000 2.000000 
/Users/huan/Downloads/re-id/dataset/Market1501/bounding_box_test/0001_c2s1_082596_03.jpg 1.769711 1.375561 4.460851 1.325452 2.756551 0.304215 1.690964 0.603129 0.242206 1.136824 -1.311072 -0.109876 -2.613102 -0.254354 -2.624394 -2.815746 -3.187442 -2.166726 -2.599001 -0.633161 -1.846161 -2.258786 -2.370937 -2.842681 -0.065478 -0.838988 -3.137231 2.000000 7.000000 
/Users/huan/Downloads/re-id/dataset/Market1501/bounding_box_test/0001_c2s1_109696_02.jpg 1.728089 1.454496 4.135052 1.227608 2.429814 0.414944 1.763210 0.795503 0.038902 1.151119 -1.299365 -0.303971 -2.593668 0.042184 -2.389754 -2.314611 -2.833245 -2.288156 -2.618767 -0.288132 -1.943052 -1.765638 -2.311140 -2.469465 -0.268865 -1.055933 -2.867271 4.000000 7.000000 
/Users/huan/Downloads/re-id/dataset/Market1501/bounding_box_test/0001_c2s3_026007_11.jpg 1.726511 1.737219 3.802584 0.565747 1.438431 0.956201 1.037746 0.877560 0.129934 1.303234 -0.910290 -0.365215 -1.637863 -2.227798 -1.553710 -2.091105 -1.582926 -1.031853 -1.827703 0.364045 -2.052831 -1.831530 -2.260617 -2.408341 -0.455244 -0.483945 -2.291806 2.000000 2.000000 
/Users/huan/Downloads/re-id/dataset/Market1501/bounding_box_test/0001_c3s1_000551_03.jpg 2.527027 2.324724 4.475341 0.714078 1.952167 1.197808 1.294933 0.388402 0.297012 1.623699 -1.358313 0.421562 -1.952753 -2.320879 -1.985484 -2.441525 -1.780254 -1.907498 -2.281741 0.866622 -1.615309 -2.035306 -2.121037 -2.230725 -1.234256 -1.101272 -2.461407 2.000000 2.000000 
/Users/huan/Downloads/re-id/dataset/Market1501/bounding_box_test/0001_c3s1_082942_04.jpg 2.623647 2.677337 5.208066 0.289397 0.842462 0.254256 1.612657 0.693144 0.049424 2.685074 -0.655514 0.544766 -3.301389 -2.618616 -3.246986 -3.752789 -2.895606 -1.525986 -1.182003 -0.869166 -2.731751 -2.426018 -2.139459 -3.280237 -1.263974 -1.852014 -3.226276 2.000000 2.000000 
/Users/huan/Downloads/re-id/dataset/Market1501/bounding_box_test/0001_c3s1_083067_05.jpg 3.051824 3.093743 5.305259 0.607130 2.011909 0.661475 1.974088 -0.001152 0.378273 1.975165 -0.722289 0.608545 -3.373065 -2.137562 -2.694586 -3.171435 -2.838228 -2.083730 -1.891606 -0.330404 -2.573528 -2.207875 -2.746956 -2.767099 -0.656515 -1.404210 -3.146741 2.000000 2.000000 
/Users/huan/Downloads/re-id/dataset/Market1501/bounding_box_test/0001_c3s2_118119_03.jpg 2.494079 2.264369 4.653842 1.040736 2.178793 1.428171 1.238244 1.014880 0.083165 1.374620 -1.308482 0.388187 -1.541316 -2.519538 -1.825973 -2.343668 -1.914308 -1.903110 -2.077276 0.520513 -1.581904 -2.355134 -2.213798 -2.249104 -0.995397 -0.676917 -2.597582 2.000000 2.000000 
/Users/huan/Downloads/re-id/dataset/Market1501/bounding_box_test/0001_c3s3_026028_02.jpg 2.825866 2.112843 4.608027 1.356675 2.389739 0.190629 0.977604 0.609230 0.226878 1.612143 -0.191879 0.301497 -2.641583 -2.799859 -2.479283 -2.932199 -2.652633 -1.094323 -1.113703 -1.159202 -1.896139 -2.374962 -1.620497 -2.888158 -1.093457 -1.016724 -2.669690 2.000000 8.000000 
/Users/huan/Downloads/re-id/dataset/Market1501/bounding_box_test/0001_c3s3_026053_01.jpg 2.460010 1.287221 4.445618 1.769246 2.786917 0.038842 0.597216 0.118880 0.138622 2.000073 0.128001 -0.292007 -2.559818 -3.214792 -2.821054 -3.468146 -3.296700 -0.790827 -1.747677 -1.556695 -1.629095 -2.227968 -1.334281 -3.336682 -1.321987 -0.936267 -2.890802 1.000000 8.000000 
/Users/huan/Downloads/re-id/dataset/Market1501/bounding_box_test/0001_c3s3_026053_04.jpg 2.117316 1.272554 3.989775 1.480395 2.193813 0.471249 0.973354 0.063491 0.108060 1.793208 -0.293836 0.110289 -2.107850 -2.524793 -2.095770 -2.476602 -2.327536 -1.210521 -1.066129 -0.861821 -1.108137 -2.111888 -1.478131 -2.313126 -1.256409 -0.966926 -2.326542 2.000000 2.000000 
