/Users/huan/Downloads/re-id/dataset/Market1501/bounding_box_train/0002_c1s1_000451_03.jpg 1.160737 2.080160 3.519715 2.139117 1.305447 2.226982 1.666435 0.600932 1.004655 1.503955 -2.140022 -2.079270 1.981754 -1.221704 -2.706132 -3.133856 -2.901713 -2.361778 -1.856884 -3.302368 -2.432722 -1.893067 1.901667 -2.460756 -2.441718 -3.819028 -3.234116 3.000000 5.000000 
/Users/huan/Downloads/re-id/dataset/Market1501/bounding_box_train/0002_c1s1_000551_01.jpg 1.955487 2.760323 4.049499 2.327348 0.413177 3.018809 2.074167 0.980401 1.038501 1.438929 -2.831766 -2.514208 2.927065 -1.108771 -3.217610 -3.580143 -3.992821 -2.432388 -1.390281 -4.098127 -2.650689 -1.898363 1.782586 -3.325590 -2.301101 -4.159914 -3.485048 3.000000 5.000000 
/Users/huan/Downloads/re-id/dataset/Market1501/bounding_box_train/0002_c1s1_000776_01.jpg 1.754634 2.832041 4.017263 2.983643 1.665939 2.855319 2.281096 0.899024 1.184805 1.488426 -2.843081 -2.452439 2.254026 -1.117894 -3.307362 -3.455306 -3.831318 -2.685747 -2.081162 -3.634573 -3.079740 -2.186528 2.412181 -2.768418 -2.930485 -4.630174 -4.006088 3.000000 5.000000 
/Users/huan/Downloads/re-id/dataset/Market1501/bounding_box_train/0002_c1s1_000801_01.jpg 1.563918 2.475476 3.527868 2.564320 0.999168 2.622042 1.764380 0.915726 1.078689 1.227328 -2.298214 -2.124049 1.984551 -1.269805 -2.965312 -2.779723 -3.628996 -2.510283 -1.861133 -3.376385 -2.781444 -1.875169 2.338376 -2.694923 -2.634139 -4.000648 -3.481894 3.000000 5.000000 
/Users/huan/Downloads/re-id/dataset/Market1501/bounding_box_train/0002_c1s1_069056_02.jpg 1.783980 2.502339 4.057095 2.430226 2.126019 2.179590 2.090611 0.362623 1.331713 1.303916 -1.959866 -2.041714 1.466486 -1.715048 -2.662877 -2.683270 -3.283092 -2.433332 -1.667892 -3.459305 -2.762099 -2.250450 2.057408 -2.380472 -2.311158 -3.773410 -3.074150 3.000000 5.000000 
/Users/huan/Downloads/re-id/dataset/Market1501/bounding_box_train/0002_c1s2_000841_01.jpg 1.462483 2.124242 3.380550 2.191606 1.419847 2.114139 1.413613 0.416263 0.877841 1.409003 -1.469514 -2.147090 1.789838 -1.385376 -2.560215 -2.868313 -3.395263 -2.240321 -1.706423 -3.353321 -2.654840 -1.669626 2.075513 -2.493796 -2.232744 -3.376405 -2.793340 3.000000 5.000000 
/Users/huan/Downloads/re-id/dataset/Market1501/bounding_box_train/0002_c1s2_050821_02.jpg 1.646017 2.421764 3.594271 1.838367 0.871601 2.694040 1.594548 0.736961 0.993478 1.454597 -2.610747 -2.193478 2.717696 -1.279018 -2.986994 -3.322677 -3.304973 -2.108200 -1.568215 -3.701931 -2.396575 -1.810405 1.629509 -2.847094 -2.237998 -3.543417 -2.976178 3.000000 5.000000 
/Users/huan/Downloads/re-id/dataset/Market1501/bounding_box_train/0002_c1s2_050846_02.jpg 1.861253 2.650592 3.673138 2.039637 1.039868 2.683101 1.728851 0.730674 1.096037 1.536028 -2.385768 -2.529569 2.464862 -1.264788 -2.922141 -3.099528 -3.272995 -2.040246 -1.786836 -3.422506 -2.765256 -1.966074 1.876088 -2.530145 -2.321765 -3.585570 -3.023203 3.000000 5.000000 
/Users/huan/Downloads/re-id/dataset/Market1501/bounding_box_train/0002_c1s2_064446_01.jpg 2.092096 2.567489 3.708527 2.163769 1.069446 3.219356 2.051966 0.742164 0.938295 1.528858 -2.791189 -1.940829 1.975292 -1.380070 -3.200783 -3.461631 -3.460968 -2.000206 -1.182464 -4.152870 -2.963499 -2.006105 2.021958 -2.736389 -2.677632 -3.856109 -3.138444 3.000000 5.000000 
/Users/huan/Downloads/re-id/dataset/Market1501/bounding_box_train/0002_c2s1_000301_01.jpg 1.869214 2.665763 3.788708 2.405822 1.688208 2.292944 2.021346 0.710222 1.187116 1.456832 -2.706522 -2.308311 2.426416 -1.409288 -3.046584 -2.992777 -3.101672 -2.224256 -1.782130 -3.426087 -2.467882 -2.146024 1.797707 -2.405399 -2.178053 -3.868849 -3.269772 3.000000 5.000000 
/Users/huan/Downloads/re-id/dataset/Market1501/bounding_box_train/0002_c2s1_000351_01.jpg 1.812601 2.693088 3.979593 2.249694 1.501827 2.488043 1.933766 0.534506 1.249220 1.578079 -2.740139 -2.177883 2.930629 -1.261729 -3.256517 -3.420242 -3.386584 -2.269412 -1.556408 -3.832969 -2.397721 -2.006127 1.877548 -2.846729 -2.156690 -3.964118 -3.382255 3.000000 5.000000 
/Users/huan/Downloads/re-id/dataset/Market1501/bounding_box_train/0002_c2s1_000801_01.jpg 1.103184 2.075810 3.302649 1.702189 1.061072 2.876160 1.385912 0.782097 1.308861 1.438162 -2.237817 -2.177090 1.497347 -1.258120 -2.814862 -1.994445 -2.498481 -2.277815 -2.160281 -3.023984 -3.257508 -1.411676 2.141866 -2.395777 -2.681490 -3.433899 -2.995264 3.000000 5.000000 
/Users/huan/Downloads/re-id/dataset/Market1501/bounding_box_train/0002_c2s1_000976_01.jpg 0.951616 1.541491 2.387210 1.504711 1.300626 1.871400 1.242371 0.990118 1.007787 1.011940 -1.760448 -1.961033 1.465979 -1.314960 -2.239109 -1.529169 -2.582182 -1.915404 -1.689071 -2.300018 -2.448096 -1.437998 1.547332 -1.817519 -2.507581 -2.718865 -2.450321 3.000000 5.000000 
/Users/huan/Downloads/re-id/dataset/Market1501/bounding_box_train/0002_c2s1_068496_01.jpg 2.045184 2.596186 3.817686 2.459330 1.622196 2.642314 1.798963 0.507565 0.997602 1.754015 -1.633212 -2.208018 2.411955 -1.684288 -2.595256 -3.213111 -4.120919 -2.741899 -2.335356 -3.469289 -2.841439 -1.658378 2.820840 -2.929531 -2.273936 -4.104148 -3.372483 3.000000 5.000000 
/Users/huan/Downloads/re-id/dataset/Market1501/bounding_box_train/0002_c2s1_068521_01.jpg 1.932478 2.652015 3.971499 2.684323 1.976061 2.628925 1.733860 0.313911 1.245332 1.591887 -1.659778 -2.244968 2.208801 -1.760405 -2.592360 -3.099965 -4.196354 -2.861556 -2.254776 -3.693751 -3.028855 -1.780718 2.867225 -3.156021 -2.439288 -4.092932 -3.362264 3.000000 5.000000 
/Users/huan/Downloads/re-id/dataset/Market1501/bounding_box_train/0002_c2s1_073121_01.jpg 1.709214 2.330177 3.990388 2.422062 1.564852 2.417297 1.985275 0.402881 0.996886 1.693342 -1.652124 -1.805112 1.176777 -1.568203 -2.565667 -2.980947 -3.258262 -2.634705 -1.836434 -3.545356 -2.440172 -1.768798 1.954010 -2.566723 -2.070285 -3.630247 -3.149923 3.000000 5.000000 
/Users/huan/Downloads/re-id/dataset/Market1501/bounding_box_train/0002_c2s1_073121_02.jpg 0.896263 1.334483 2.714533 1.582405 0.971145 1.778756 1.343791 0.112078 0.560783 1.197206 -0.877515 -1.072387 0.199092 -1.371555 -2.018761 -2.078253 -2.173501 -2.018264 -1.132624 -2.570532 -1.850504 -1.210821 1.143704 -2.030396 -1.666932 -2.494593 -2.184846 3.000000 5.000000 
/Users/huan/Downloads/re-id/dataset/Market1501/bounding_box_train/0002_c2s1_123041_01.jpg 1.897007 3.029357 3.981157 2.903875 1.188598 2.939051 1.796077 1.038112 0.943841 1.706908 -3.164600 -2.440967 3.285625 -1.497232 -3.401234 -3.644561 -4.443158 -2.080506 -2.217591 -4.094055 -2.730382 -2.426910 3.010547 -3.201562 -2.631699 -4.095417 -3.661395 3.000000 5.000000 
/Users/huan/Downloads/re-id/dataset/Market1501/bounding_box_train/0002_c2s1_123141_01.jpg 1.780134 2.828315 3.534382 2.711912 1.567617 2.949800 1.534155 0.950527 0.930796 1.441327 -2.916915 -2.617925 2.969303 -1.525412 -2.958191 -2.987435 -3.999931 -1.921252 -2.185858 -3.722129 -3.067203 -2.015304 2.854014 -2.835562 -2.825520 -3.711508 -3.296180 3.000000 5.000000 
/Users/huan/Downloads/re-id/dataset/Market1501/bounding_box_train/0002_c2s1_123141_03.jpg 1.579096 2.085799 2.692893 2.255292 1.569873 2.285935 1.337632 0.543505 0.613042 1.412906 -1.874979 -1.626873 1.330871 -1.660847 -2.063122 -2.295682 -2.772570 -1.601060 -1.779809 -2.537618 -2.556427 -1.409587 1.835529 -2.060071 -2.308177 -2.865407 -2.525260 3.000000 5.000000 
/Users/huan/Downloads/re-id/dataset/Market1501/bounding_box_train/0002_c2s1_136741_01.jpg 2.136077 2.745418 3.438136 2.204912 1.084063 3.001521 1.605199 0.868272 1.130841 1.249852 -2.665042 -2.405401 2.909428 -1.589377 -2.857514 -2.788496 -3.671957 -2.017851 -1.903216 -3.578445 -2.894456 -1.873605 2.345557 -2.713336 -2.435015 -3.556759 -2.978084 3.000000 5.000000 
/Users/huan/Downloads/re-id/dataset/Market1501/bounding_box_train/0002_c3s1_000001_01.jpg 1.721680 2.568243 3.795831 2.252416 1.408054 3.022747 1.543903 0.546672 1.128333 1.762990 -2.345843 -2.345863 1.939501 -1.187143 -2.674172 -2.987708 -3.789498 -2.564615 -2.678297 -3.191978 -3.108812 -1.649809 2.833575 -3.148903 -3.045293 -4.027164 -3.271232 3.000000 5.000000 
/Users/huan/Downloads/re-id/dataset/Market1501/bounding_box_train/0002_c3s1_000076_01.jpg 1.596003 2.663602 4.108629 2.364677 0.994838 2.744483 2.056102 0.597875 1.456023 1.642360 -2.854559 -2.469473 2.045006 -1.060486 -3.357843 -3.236842 -3.243084 -2.764572 -1.988877 -3.433635 -2.736068 -2.201134 2.330791 -2.971656 -2.768880 -4.348167 -3.706242 3.000000 5.000000 
/Users/huan/Downloads/re-id/dataset/Market1501/bounding_box_train/0002_c3s1_000501_01.jpg 1.514105 2.248414 3.230860 1.654705 0.841317 2.544826 1.699119 0.889637 1.231880 1.021375 -2.059120 -2.179288 1.157979 -0.984167 -2.596000 -1.774367 -2.982523 -2.678227 -2.085891 -2.542093 -2.584850 -1.549057 1.963764 -2.370143 -2.485870 -3.476512 -3.013548 3.000000 5.000000 
/Users/huan/Downloads/re-id/dataset/Market1501/bounding_box_train/0002_c3s1_068642_02.jpg 2.270209 2.672688 3.933857 1.992892 1.779554 2.760283 1.900855 0.372457 1.152336 1.462164 -1.650267 -2.361381 1.566627 -1.424942 -2.451551 -2.654052 -3.371578 -2.700702 -2.214516 -3.358589 -2.994698 -1.664265 2.710419 -2.703823 -2.297135 -3.760620 -2.934827 3.000000 5.000000 
/Users/huan/Downloads/re-id/dataset/Market1501/bounding_box_train/0002_c3s1_072942_02.jpg 1.373909 2.070496 3.558440 2.096924 1.553726 2.490345 1.711146 0.222494 1.158844 1.489587 -1.439262 -1.569354 0.476469 -1.214909 -1.933415 -2.117585 -2.945864 -2.544355 -1.925489 -2.952773 -2.514463 -1.095012 1.904498 -2.405393 -2.232962 -3.266953 -2.772351 3.000000 5.000000 
/Users/huan/Downloads/re-id/dataset/Market1501/bounding_box_train/0002_c3s1_123058_01.jpg 1.883465 2.640653 3.446630 2.296060 1.843691 3.017191 1.423775 0.720646 1.143803 1.181523 -2.785208 -2.322555 2.609511 -1.685755 -2.708378 -2.867487 -3.604129 -1.815934 -2.266278 -3.573545 -2.865353 -1.700789 2.632770 -2.755064 -2.858846 -3.346489 -2.980112 3.000000 5.000000 
/Users/huan/Downloads/re-id/dataset/Market1501/bounding_box_train/0002_c3s1_123283_03.jpg 1.495604 2.520590 4.217862 2.060301 1.179203 2.635132 1.845823 0.401775 1.373927 1.323184 -2.282294 -2.649723 1.674146 -1.436120 -3.098473 -2.431149 -3.231314 -2.891415 -2.371681 -3.526840 -2.817592 -2.202557 2.791213 -2.691306 -2.517093 -4.049164 -3.321055 3.000000 5.000000 
/Users/huan/Downloads/re-id/dataset/Market1501/bounding_box_train/0002_c3s1_123283_05.jpg 1.692073 2.530249 3.833915 1.920016 0.608132 3.022562 1.715978 0.744276 1.109871 1.533643 -2.743444 -2.103587 2.211930 -1.167303 -3.232151 -3.046888 -3.427111 -2.230343 -1.836239 -3.814263 -2.694396 -2.083864 2.604146 -2.901200 -2.342874 -3.762571 -3.144910 3.000000 5.000000 
/Users/huan/Downloads/re-id/dataset/Market1501/bounding_box_train/0002_c3s1_123333_02.jpg 1.596757 2.881406 4.071337 2.583959 1.531746 2.999623 1.925269 0.738645 1.215765 1.672683 -3.209974 -2.536818 3.039803 -1.089204 -3.496748 -3.922313 -3.838876 -2.278090 -1.999842 -4.295897 -2.768276 -1.922598 2.104930 -3.248836 -2.403713 -4.278469 -3.605117 3.000000 5.000000 
/Users/huan/Downloads/re-id/dataset/Market1501/bounding_box_train/0002_c3s1_123358_03.jpg 1.384562 2.393385 4.018124 2.156077 1.373259 3.091148 1.814699 0.566097 1.020755 1.461099 -3.049503 -2.105380 2.589366 -1.242522 -3.303505 -3.788158 -3.455166 -2.262402 -1.784544 -4.284986 -2.555549 -1.782650 1.995045 -3.105424 -2.456481 -4.115272 -3.347293 3.000000 5.000000 
/Users/huan/Downloads/re-id/dataset/Market1501/bounding_box_train/0002_c3s1_136233_01.jpg 2.199914 3.059649 3.789728 1.775897 1.346684 3.255639 1.532174 0.725900 1.575983 1.303826 -2.733653 -2.644878 2.858136 -1.106781 -2.914909 -2.800923 -3.447526 -2.339425 -2.275543 -3.644776 -2.948204 -1.602955 2.464762 -2.838359 -2.416256 -3.706341 -3.006800 3.000000 5.000000 
/Users/huan/Downloads/re-id/dataset/Market1501/bounding_box_train/0002_c3s1_136258_02.jpg 2.142334 3.039126 3.839685 1.821843 1.333399 3.230883 1.659554 0.655656 1.316009 1.653215 -2.675921 -2.687092 3.280683 -0.765341 -3.154583 -3.528022 -3.581208 -2.302560 -1.908222 -3.861508 -2.809074 -1.460083 1.942481 -3.066468 -2.198395 -3.845707 -3.111947 3.000000 5.000000 
/Users/huan/Downloads/re-id/dataset/Market1501/bounding_box_train/0002_c3s1_136308_04.jpg 1.700451 2.186766 2.896525 1.428934 1.310625 2.661500 1.446416 0.469530 1.063938 1.107985 -1.661761 -2.300076 1.658239 -1.250039 -2.539243 -2.012169 -2.681953 -2.150316 -1.312638 -3.174877 -2.615552 -0.987960 1.149666 -2.417246 -2.164006 -3.038168 -2.518787 3.000000 5.000000 
/Users/huan/Downloads/re-id/dataset/Market1501/bounding_box_train/0002_c5s1_000476_02.jpg 1.435148 2.382228 3.594386 2.597197 1.480600 2.381576 1.592748 0.690343 0.729338 1.516964 -1.766202 -1.847349 2.049058 -1.531709 -3.108816 -3.302780 -3.719725 -2.351911 -2.223363 -3.589222 -2.744198 -1.951161 2.628347 -2.770564 -2.530625 -3.815848 -3.290776 3.000000 5.000000 
/Users/huan/Downloads/re-id/dataset/Market1501/bounding_box_train/0002_c5s1_000551_01.jpg 1.091403 2.323461 3.636453 2.231894 0.785184 2.809442 1.658605 0.665024 0.877006 1.705387 -2.348043 -2.176305 2.009526 -0.832903 -3.042011 -3.015191 -3.539166 -2.537626 -2.274616 -3.427523 -2.518865 -1.883271 2.695622 -2.857747 -2.797987 -3.964989 -3.317361 3.000000 5.000000 
/Users/huan/Downloads/re-id/dataset/Market1501/bounding_box_train/0002_c5s1_000551_03.jpg 0.702243 1.296845 2.226722 1.406148 0.132717 2.066729 1.040032 0.606725 0.658142 1.100090 -1.143767 -1.093655 0.385759 -1.000523 -1.885749 -1.752467 -2.507967 -2.239569 -1.452107 -2.416208 -1.975086 -0.944046 1.288097 -2.197500 -2.012625 -2.654843 -2.248878 3.000000 5.000000 
/Users/huan/Downloads/re-id/dataset/Market1501/bounding_box_train/0002_c5s1_000626_01.jpg 1.662678 2.730501 3.683094 2.535917 1.569261 2.599813 1.829631 0.509150 1.153082 1.638215 -2.526553 -2.319333 2.256257 -1.017293 -2.877886 -3.259743 -3.359931 -2.244119 -1.892262 -3.527355 -2.536176 -1.639881 1.899216 -2.832458 -2.528375 -3.783985 -3.185858 3.000000 5.000000 
/Users/huan/Downloads/re-id/dataset/Market1501/bounding_box_train/0002_c5s1_000651_01.jpg 1.534337 2.389753 3.623809 2.284895 1.320258 2.285570 1.826931 0.589561 1.130548 1.767301 -2.276707 -2.007014 1.936721 -1.017487 -2.691431 -3.146338 -3.076824 -2.165354 -1.593403 -3.095388 -2.489296 -1.670758 1.723042 -2.663733 -2.218871 -3.699399 -3.246799 3.000000 5.000000 
/Users/huan/Downloads/re-id/dataset/Market1501/bounding_box_train/0002_c5s1_000776_01.jpg 1.863304 2.655990 4.160480 1.984429 1.665977 2.788466 1.867795 0.108403 1.402866 1.612863 -2.407853 -2.077633 2.515363 -1.218692 -2.898020 -3.861439 -3.443898 -2.526758 -1.750524 -3.938295 -2.528704 -1.282137 1.406165 -3.141783 -2.330597 -4.201296 -3.423974 3.000000 5.000000 
/Users/huan/Downloads/re-id/dataset/Market1501/bounding_box_train/0002_c5s1_069073_02.jpg 1.156070 1.567543 3.175587 1.476698 1.195736 2.244888 1.340317 0.083344 0.908100 1.448817 -1.366397 -1.650226 1.344964 -1.040973 -2.174652 -2.637247 -3.060590 -2.537589 -2.069988 -2.811706 -2.356806 -0.830274 1.808999 -2.474396 -2.057145 -3.152143 -2.427106 3.000000 5.000000 
/Users/huan/Downloads/re-id/dataset/Market1501/bounding_box_train/0002_c5s1_123595_04.jpg 2.140095 2.794269 3.638360 2.072535 1.442591 3.124300 1.782772 0.579123 1.185964 1.595809 -2.681485 -2.152824 2.579920 -1.046415 -2.860597 -3.316881 -3.781401 -2.260992 -1.912858 -3.783448 -2.528506 -1.707091 2.192228 -2.881760 -2.483284 -3.770060 -3.030171 3.000000 5.000000 
/Users/huan/Downloads/re-id/dataset/Market1501/bounding_box_train/0002_c5s1_123595_08.jpg 1.232993 1.544160 2.179441 1.408259 0.910159 2.214711 1.107721 0.362896 0.755436 1.222481 -1.389346 -1.176788 0.736752 -0.995287 -1.763616 -2.044448 -2.420670 -1.698163 -1.151254 -2.231842 -1.918294 -0.636088 0.420733 -2.241072 -1.779583 -2.379796 -2.067124 3.000000 5.000000 
/Users/huan/Downloads/re-id/dataset/Market1501/bounding_box_train/0002_c6s1_069251_03.jpg 1.446992 2.155992 3.612435 1.699960 1.353883 2.176919 1.525093 0.421727 1.075812 1.184523 -0.833685 -1.890181 1.219113 -2.075752 -2.251075 -3.005152 -3.348104 -2.579712 -1.463789 -3.303870 -3.017218 -1.761354 2.331923 -2.977401 -2.211831 -3.460267 -2.987755 3.000000 5.000000 
/Users/huan/Downloads/re-id/dataset/Market1501/bounding_box_train/0002_c6s1_073426_02.jpg 1.930609 2.831591 3.879300 2.275482 1.502775 2.730725 1.654155 0.467135 1.386863 1.842020 -1.195684 -2.301280 1.819676 -1.864725 -2.678754 -3.199836 -3.974997 -2.690225 -2.353238 -3.534104 -3.425053 -1.608773 2.927383 -3.282206 -2.422046 -3.978734 -3.388090 3.000000 5.000000 
/Users/huan/Downloads/re-id/dataset/Market1501/bounding_box_train/0002_c6s1_073451_02.jpg 1.974827 2.735748 3.856230 2.278215 1.676281 2.582939 1.604055 0.267902 1.372639 1.702176 -1.579808 -2.269587 1.857534 -1.836895 -2.352674 -2.966316 -3.925129 -2.284927 -1.891569 -3.650393 -3.284003 -1.388633 2.524945 -3.112220 -2.246217 -3.705134 -3.169662 3.000000 5.000000 
/Users/huan/Downloads/re-id/dataset/Market1501/bounding_box_train/0007_c1s6_028546_01.jpg 0.862587 1.527707 2.583012 1.363051 0.846884 1.939561 2.605128 2.072248 0.475910 1.729614 -3.243045 -0.707804 -2.028672 -3.071732 0.322739 -3.136733 -3.383650 -3.945674 1.780810 -2.848646 -3.682120 -1.964246 -1.608198 -2.792444 -3.111707 -3.529881 -3.307994 5.000000 1.000000 
/Users/huan/Downloads/re-id/dataset/Market1501/bounding_box_train/0007_c1s6_028546_04.jpg 0.989620 1.483346 2.372588 1.629935 0.851852 2.169754 2.388383 1.903668 0.053950 1.498556 -2.860285 -0.378944 -2.200988 -2.876368 0.222063 -2.728592 -3.142790 -3.856040 1.364791 -2.947290 -3.633237 -2.079068 -0.763779 -2.665549 -3.094707 -3.603795 -3.170132 5.000000 1.000000 
/Users/huan/Downloads/re-id/dataset/Market1501/bounding_box_train/0007_c2s3_070952_01.jpg 0.983320 1.316194 3.121493 2.557331 1.565306 2.785357 2.926349 2.524358 1.280568 0.898668 -3.226720 0.139959 -3.509383 -2.603560 -0.917506 -2.376981 -3.677530 -4.089247 1.331912 -3.356067 -4.143456 -2.382540 -0.306850 -3.185295 -5.164032 -4.510994 -4.201892 2.000000 1.000000 
/Users/huan/Downloads/re-id/dataset/Market1501/bounding_box_train/0007_c2s3_071002_01.jpg 1.142107 1.459450 3.191172 2.802162 1.433584 3.207300 3.064186 2.375284 1.470069 0.695227 -3.587665 -0.167427 -3.751963 -2.662385 -0.425658 -2.650756 -3.651836 -4.433345 1.886560 -3.616808 -4.323541 -2.843075 -0.138264 -2.901359 -5.517859 -4.662912 -4.265194 2.000000 1.000000 
/Users/huan/Downloads/re-id/dataset/Market1501/bounding_box_train/0007_c2s3_071052_01.jpg 1.869193 2.100674 2.972221 2.537175 1.754423 2.698730 3.332130 2.822457 0.904123 1.219404 -4.031657 0.251207 -3.660297 -2.975086 0.172111 -2.659274 -3.890481 -4.557075 1.310391 -3.267527 -4.079307 -2.933941 0.104366 -2.591961 -4.733974 -4.368559 -4.047819 2.000000 1.000000 
/Users/huan/Downloads/re-id/dataset/Market1501/bounding_box_train/0007_c3s3_077344_04.jpg 1.096942 1.388931 2.571366 2.315492 1.176247 2.615013 2.663842 1.968344 0.684748 1.043131 -3.363919 -0.558208 -3.388820 -2.406828 0.589810 -2.747693 -3.461340 -4.034659 1.320566 -3.289405 -3.871872 -1.872577 -0.278477 -2.690662 -4.218715 -3.799179 -3.775948 5.000000 1.000000 
/Users/huan/Downloads/re-id/dataset/Market1501/bounding_box_train/0007_c3s3_077419_03.jpg 1.166109 1.604746 2.862974 2.004240 1.823307 2.392618 2.868878 2.696899 0.199107 1.269270 -3.318469 -0.391832 -3.293837 -2.779440 -0.235406 -3.034344 -3.934482 -3.999859 1.948614 -3.572207 -4.434784 -2.594640 -0.280290 -3.077772 -4.897943 -4.451491 -4.091070 5.000000 1.000000 
/Users/huan/Downloads/re-id/dataset/Market1501/bounding_box_train/0010_c1s6_027271_05.jpg 2.025751 0.700762 3.814271 2.964535 3.190245 0.875032 2.777718 0.210513 0.038268 1.600143 -2.261019 -1.522175 -0.938343 -2.783834 -2.143965 -0.936255 -2.109177 -3.435766 -2.580665 -2.866103 -2.278103 -0.806562 0.351748 -2.339492 -1.795710 -3.414961 -3.426718 6.000000 5.000000 
